497.36
139.69
476.43
142.27
486.00
134.30
477.85
231.50
213.80
286.82
173.14
144.81
221.33
423.98
212.15
469.15
424.65
353.67
438.54
410.61
328.77
163.36
224.73
208.24
444.92
185.89
260.10
207.27
184.69
403.54
265.66
268.23
274.25
183.46
192.71
220.99
332.09
138.51
412.87
316.66
151.76
226.84
206.90
363.95
154.67
151.73
476.16
207.65
370.09
282.28
410.39
374.36
163.81
410.52
379.41
362.96
448.64
266.87
163.39
436.71
154.28
190.69
226.61
192.56
419.62
351.29
305.78
413.98
480.77
484.96
223.22
325.94
132.89
484.99
201.87
407.42
143.19
333.60
284.23
193.00
215.13
210.66
193.74
143.03
304.89
417.75
193.60
207.79
182.18
240.34
222.12
265.31
388.52
200.18
317.37
349.28
362.35
260.69
368.11
321.74
797.58
1488.21
804.50
1646.34
1337.38
613.31
1478.49
1517.76
774.01
1485.22
716.00
1541.17
1512.29
1668.02
1609.30
1452.23
783.69
707.01
1296.88
736.94
1707.20
1712.84
817.11
1184.82
729.12
1617.27
819.09
656.33
617.84
787.38
1516.34
999.86
1030.42
785.73
1395.64
767.47
1177.24
1440.80
1501.12
929.80
710.49
1088.98
1194.30
847.69
1042.19
1427.52
1620.50
1541.09
851.00
1495.75
817.07
1520.65
1169.36
1543.70
1397.24
1020.36
1220.43
1216.33
810.88
682.28
1351.51
598.85
1059.22
865.62
1479.65
1438.85
706.68
567.39
1651.49
507.13
699.46
875.72
777.56
1244.70
1392.80
1428.36
1547.33
742.38
699.36
766.92
1573.23
1339.62
1011.78
1679.35
1065.71
1124.43
734.25
853.92
999.55
1540.35
1547.95
1286.07
998.36
596.48
489.00
1209.48
1006.59
705.84
693.80
894.59
1902.96
1572.28
1615.04
1022.60
1537.53
2051.46
1136.28
951.03
1222.04
1705.12
1582.66
1303.60
1549.97
1137.73
1714.87
1759.77
1584.86
1113.98
1844.75
1598.27
1019.87
1492.78
1861.69
1726.91
1739.06
575.64
1417.05
1882.11
1044.12
1645.64
658.09
1570.12
1121.53
1331.12
1043.42
1725.84
1146.95
1699.81
1667.03
1594.92
1196.74
1548.65
781.20
1678.97
1681.93
1877.85
2119.85
1795.04
1642.49
1774.81
1276.13
1162.41
1939.78
1567.20
1886.31
1134.22
1535.88
936.39
1519.05
1236.04
1569.04
905.45
1872.48
1230.69
1665.50
1763.34
1732.95
1231.77
1479.05
1898.15
1649.28
1783.44
1611.14
1178.93
975.22
927.75
1827.18
1382.71
1622.48
907.81
2021.36
1221.67
1629.33
1970.37
1587.86
1872.49
1836.58
647.14
1626.70
1130.52
1960.59
1976.42
2070.70
1931.21
991.25
1509.88
926.30
1601.24
1672.95
1649.40
1438.16
1127.11
1336.76
778.89
1454.46
778.20
981.92
1475.47
1352.06
1613.36
947.33
1275.23
1091.75
1323.19
1284.66
965.87
1132.31
657.71
1108.39
1055.43
1565.17
807.56
722.15
1459.48
1557.19
1111.82
1207.90
1652.43
1238.75
979.50
643.71
682.94
666.55
1839.30
1353.47
731.50
753.50
635.00
1044.46
1086.74
697.84
828.43
1364.98
1429.72
984.63
1133.48
1401.36
701.55
943.75
1196.25
1748.84
1002.27
620.90
1195.57
702.32
712.48
1343.39
1511.39
636.87
724.74
737.68
1124.46
1744.32
1347.29
631.02
1686.65
1457.88
866.70
725.82
1161.71
1065.31
1126.36
1505.50
1341.45
1433.79
1148.66
1457.31
643.14
710.22
1351.73
722.01
1046.61
1308.61
575.89
1148.94
700.00
1842.33
595.32
859.39
1411.95
658.78
1035.94
672.12
1426.71
1799.50
1117.21
1431.76
805.47
1176.10
1686.48
808.62
681.93
679.36
921.11
719.86
350.95
766.66
907.82
511.14
814.45
574.72
834.91
681.93
936.94
622.19
544.16
993.47
476.84
1027.49
394.62
850.23
363.31
779.66
834.36
643.03
699.49
1060.28
540.50
408.58
1105.56
441.36
618.15
893.91
732.07
444.28
1381.49
934.97
710.94
692.85
820.18
858.98
847.62
411.72
402.91
538.76
1012.88
575.10
656.52
946.27
609.79
300.64
302.64
315.77
681.33
1223.33
688.94
895.45
769.72
487.72
864.71
811.80
776.65
949.39
834.24
1188.04
539.71
845.96
1090.34
1210.71
351.98
699.52
929.42
1181.18
1022.46
739.28
734.21
1041.76
1103.12
809.07
394.65
492.78
765.86
330.35
334.88
743.00
610.17
1159.53
855.31
771.61
1148.17
607.98
659.65
391.27
732.28
354.15
349.66
1062.16
917.06
752.64
739.06
1011.28
845.79
642.00
332.85
1051.77
255.19
715.01
639.27
840.93
646.25
931.90
809.46
696.89
533.16
277.08
800.59
760.35
1214.28
834.35
474.59
971.75
742.50
1213.85
456.90
646.49
585.40
674.16
788.57
758.60
384.01
701.02
950.13
725.70
621.96
310.03
818.20
1013.41
344.96
1129.47
639.50
865.90
1052.47
827.97
294.56
497.33
462.57
1180.39
1155.75
392.54
716.95
1531.18
1189.40
1285.34
1420.20
1238.76
496.41
684.43
758.06
1184.92
1426.24
783.19
1447.44
924.15
654.68
1489.54
740.73
688.25
611.18
942.54
1324.79
640.53
651.78
941.66
1432.78
1300.41
714.28
1457.05
659.10
1274.22
695.13
651.82
1137.89
620.84
610.80
776.87
1499.64
1352.65
919.70
1119.08
1275.65
1497.04
870.89
1103.01
1500.78
726.54
508.94
1458.08
1250.37
912.07
1326.08
1420.18
766.44
1558.83
1414.00
593.79
1477.55
855.07
638.22
746.78
1497.45
860.81
1154.73
1194.13
1520.79
1463.06
783.43
1108.47
1360.05
1421.02
651.00
1507.74
469.44
1389.78
522.08
831.14
1382.89
1280.20
743.17
1424.27
1044.84
821.84
637.15
698.69
1505.16
886.79
680.67
1486.71
1424.69
771.63
1471.39
547.55
1055.56
734.56
1055.27
959.22
1161.41
653.61
1294.39
1449.45
767.72
1920.11
2003.95
2086.33
1898.21
1810.11
2054.52
2027.82
2008.00
2047.07
2007.71
2007.47
1884.82
1849.96
2016.89
1849.34
1949.94
1824.64
2036.25
1872.54
1922.55
1857.00
1829.65
1990.64
1982.20
2061.80
1836.14
1946.00
2082.60
1755.63
2049.92
1753.76
1890.77
1879.26
1934.38
2092.16
1754.79
1809.41
1948.68
1872.32
1778.53
1891.65
2003.37
1967.46
1839.14
1822.80
1881.60
1931.36
1754.79
2219.65
2138.55
1828.15
1952.38
1797.57
1990.77
1969.41
1806.12
2002.26
2097.87
1897.87
1797.05
1780.39
1924.69
1898.10
1920.49
1982.22
1880.34
1931.24
1819.50
2005.13
1784.93
2173.42
1941.23
1966.76
2025.81
1850.08
2124.47
1881.18
2166.53
1957.18
1820.75
1967.98
1833.75
1857.46
1898.67
1314.83
1952.85
1884.04
1883.66
1931.77
2052.85
1494.87
1938.90
2120.30
1877.82
2049.87
1764.54
1909.23
2079.44
1041.40
1859.48
1345.83
1157.19
919.65
1891.52
1460.95
790.52
1280.43
1277.29
520.18
1197.35
2184.20
1550.09
1816.32
1749.26
1482.82
2020.47
1770.53
1821.09
1787.76
1428.91
1391.38
2263.41
1786.87
1802.54
1506.97
1438.58
1649.03
782.58
1898.12
1418.88
1673.77
1575.31
1784.97
1089.22
1494.85
2020.55
642.98
1860.22
1665.71
368.62
1890.27
1987.55
1220.27
615.85
1299.44
1747.92
1924.08
723.45
1587.30
1448.87
1135.54
1419.48
1243.67
2144.27
1578.75
1031.19
1556.92
1951.87
1356.20
1861.60
1311.94
1062.12
799.15
183.77
1323.35
1277.45
1169.91
1865.19
1328.82
810.34
1553.17
1390.13
1356.53
522.26
1544.82
1593.91
1408.94
1707.95
722.59
1635.21
1257.13
915.12
1463.18
1895.46
618.54
1649.43
1476.84
1700.20
992.79
1752.84
2179.01
896.74
1497.82
1326.88
1451.22
1740.74
1754.48
1293.32
976.76
1186.22
1465.41
1788.58
1604.70
1763.69
1829.81
1775.52
1832.12
1836.60
1324.32
1644.45
1301.13
1271.86
1102.37
1473.65
1477.12
1444.91
1574.72
1402.97
1314.22
1515.37
986.64
1621.36
1775.23
1209.88
1243.50
2149.25
1136.25
1639.52
1508.00
1861.89
527.40
1408.80
1353.33
1094.82
701.17
1474.45
1049.39
1156.56
1721.51
1286.10
879.20
1370.14
750.48
1869.83
1093.31
1862.64
1931.33
1091.52
811.06
1807.90
1710.64
1542.94
1831.65
2143.72
1521.56
703.92
1649.10
684.35
1237.15
1947.66
1922.86
797.76
662.87
1394.87
1635.95
1104.65
793.42
1661.21
1635.11
2051.16
1873.00
1839.54
967.96
1823.54
1383.11
1442.98
1738.76
1900.24
1716.55
1712.16
983.09
1816.90
1893.00
1528.42
1638.00
1469.82
596.89
1021.12
750.12
1560.87
1979.95
1861.88
1416.76
1480.34
1134.93
1457.00
1737.45
1719.43
1296.27
1636.46
1487.04
1359.62
1922.72
1540.24
1020.03
1645.84
1412.37
1490.75
1637.97
1980.41
1512.97
1641.88
1754.82
1524.97
1642.91
2167.27
1859.72
2015.67
1549.84
976.16
1137.35
2139.14
2005.34
1952.46
1333.12
1708.23
890.33
481.69
1395.17
1546.69
1239.30
1173.56
1240.33
1924.71
1972.94
1627.42
1812.19
2023.82
1978.83
1750.30
1553.47
1676.77
1806.57
1464.17
2006.57
1532.84
1290.50
1770.95
1734.29
1841.39
598.42
740.12
1866.08
1577.09
1751.26
2044.64
1619.08
1827.50
1624.68
1983.19
1314.18
1753.16
796.14
1588.50
1654.42
899.49
1214.13
1518.13
1079.28
1868.88
1649.70
757.44
1542.54
1746.04
780.95
1204.94
1601.15
1748.49
1833.17
1482.81
1000.04
1028.14
928.72
1500.10
1447.59
803.86
1496.14
1144.75
1096.30
1822.43
1553.27
1049.02
1331.13
1266.03
1152.82
1554.76
610.21
1252.73
1234.17
1775.67
772.12
1326.75
1057.07
1906.24
1446.24
1476.29
1806.44
1691.01
745.75
1939.92
1717.48
1073.70
1125.65
1678.29
1565.85
1186.99
1731.63
1791.80
1681.70
1615.40
478.92
1794.44
712.10
1408.77
1385.00
1617.46
1190.18
1625.83
1825.57
937.03
1500.63
1305.02
1882.33
1630.56
1339.64
645.02
1223.04
1941.63
1646.21
850.58
1768.37
1477.66
1213.23
1752.05
1494.66
1434.41
625.07
991.53
1795.75
1687.28
989.71
935.92
1816.71
1156.42
1340.86
1756.94
1701.20
1512.18
852.92
1848.44
1675.36
1789.24
1816.76
1562.45
1513.59
1641.99
1917.21
773.03
1702.74
1708.29
1474.62
1409.13
1775.37
852.99
1696.16
1437.57
1847.23
2044.21
1580.86
1631.63
1436.67
1740.26
1710.53
950.64
1013.47
1248.21
1270.55
1483.91
1788.57
2097.26
1459.58
1252.03
1335.09
1120.82
1502.77
1181.98
2053.38
1714.18
1739.59
1266.05
1698.39
1680.26
269.30
2124.39
1391.63
1711.36
1622.55
1889.68
1903.22
867.68
636.50
1126.62
710.35
1812.66
1477.76
1919.32
444.00
1405.00
1719.61
1473.88
1598.72
1482.76
1273.42
1744.90
981.28
1640.87
1702.41
1503.45
1949.74
1664.46
785.66
1629.82
661.44
1650.75
1621.98
1774.57
783.10
1509.22
1370.21
930.03
1637.99
881.59
1668.46
1667.16
1645.59
1981.70
1845.06
1518.33
1217.51
1184.10
1721.97
1225.32
1599.74
1348.16
861.51
1127.06
1366.65
1033.50
1768.90
1306.07
2055.62
466.70
1804.64
1479.72
1807.76
1626.13
437.57
802.43
1766.59
687.06
1149.15
1539.38
1471.21
1694.27
1362.62
1805.96
1355.02
1795.54
835.25
1503.97
1511.80
1120.22
1488.35
1628.08
1599.70
415.25
1105.02
823.96
1427.69
1536.80
1058.96
1188.10
875.70
1214.86
1142.68
1555.93
1919.59
1878.14
1973.30
1448.83
1976.97
1780.46
1099.47
1262.04
815.95
1113.13
1499.39
1230.37
1753.81
1853.03
1492.65
913.70
1633.02
1274.95
1694.88
1723.05
1919.93
1208.23
1817.60
787.05
1578.77
1274.52
1137.51
1734.08
1377.93
1674.26
1778.17
899.06
1232.93
1544.35
765.93
1587.93
1368.56
876.68
1878.59
1492.30
2191.12
1202.55
593.48
1230.93
1501.32
1835.73
1791.08
1720.38
1338.14
1004.13
1649.57
1698.67
1389.75
1472.77
1898.89
1392.03
1587.09
1410.23
1692.87
1838.28
1779.77
1861.65
1248.51
1060.76
1174.35
1433.17
1569.56
1029.37
1940.65
1622.96
793.76
1539.94
1989.66
1519.24
1158.35
1048.71
1524.78
1245.84
791.48
1353.05
959.67
1404.48
1281.70
1239.87
1622.39
980.92
1421.66
1298.85
1104.57
1491.73
1634.48
729.41
1669.41
1225.64
493.41
1393.32
942.03
1436.26
1101.26
1651.51
1224.05
1480.84
1368.40
1770.90
1026.90
1592.06
1165.91
1630.97
1932.10
2159.67
1659.83
1351.49
677.43
1766.77
1545.70
1486.39
1443.93
1603.61
1963.00
1502.85
1545.84
1488.17
1117.69
2071.65
1807.39
1871.06
1147.70
1368.27
1568.93
1644.85
1506.88
846.60
1841.54
1468.25
1739.66
1430.00
990.34
1723.91
1840.90
1423.86
1929.69
1509.66
1564.00
742.06
1467.80
2102.41
1444.12
1637.37
1830.17
1670.92
1475.22
1847.58
1459.89
1546.26
1536.03
1547.94
1600.44
2145.84
908.79
737.21
1801.86
1500.09
1285.00
409.86
1389.02
832.38
987.45
1818.60
967.62
1506.28
1786.03
1726.74
1370.18
1827.30
1389.07
1117.20
1492.79
1898.20
1536.67
1642.12
878.38
1355.68
922.28
1651.24
1520.96
1230.59
1462.17
1679.45
1610.96
1240.72
1671.07
1504.73
1661.30
1803.84
1071.57
1887.76
1450.06
1770.19
1154.81
2031.71
1623.71
1985.82
1344.09
1054.60
1910.16
1826.95
1504.72
944.12
1446.88
1758.00
1514.83
1608.07
1363.32
483.87
1727.35
1109.68
1352.22
1277.45
2262.86
1300.14
1411.22
1664.45
1169.55
692.28
1280.11
1505.72
1409.42
1552.26
986.47
1059.29
1459.62
1507.21
1470.46
1523.20
1820.18
1616.12
1193.55
846.04
1479.43
1759.65
1544.89
1430.54
1513.21
619.49
1366.96
1191.63
808.71
1303.92
1698.69
1595.35
1779.53
1283.11
1723.45
967.91
1607.98
1847.36
1156.65
1974.05
1227.13
1877.49
700.77
596.60
1498.85
1121.40
1740.65
1229.73
1826.62
1603.39
1475.44
1596.36
1227.94
912.26
1797.05
1738.66
545.62
1191.78
865.88
1106.44
900.67
1471.49
1480.27
1518.80
1886.83
611.92
807.82
663.96
1602.35
1142.67
1563.89
975.49
2133.56
1604.61
295.04
1531.72
1281.44
635.44
1205.65
1456.82
840.50
1778.78
951.95
1761.34
881.53
424.96
1505.92
1228.22
1483.65
1562.73
1173.98
1608.04
430.10
607.60
1701.94
1800.49
771.59
880.16
1137.79
1486.78
1436.85
1406.26
1776.56
478.28
1313.49
908.99
1506.11
1649.53
1763.78
1666.34
1474.22
1930.77
1417.79
1906.18
1259.17
1577.12
1015.89
1558.86
1524.99
835.08
1587.81
1680.17
1612.37
1644.26
1592.92
1646.81
1453.60
1142.53
1362.10
1225.43
899.18
1796.67
1635.56
1478.05
1370.69
2046.69
1774.03
1744.76
459.23
1174.37
1257.60
2021.05
1554.19
1070.51
1513.83
1014.19
1942.52
1715.39
2147.64
1617.98
1613.87
1039.98
1990.62
1710.54
451.13
1387.22
900.02
1354.86
1557.28
1510.86
1457.57
1703.33
1431.02
1921.32
1501.03
1125.54
1054.71
1647.79
799.74
1489.62
1499.44
1080.40
614.32
928.39
1378.91
1154.38
1534.25
1046.91
1793.24
1705.42
647.42
1499.66
1461.62
1398.06
1329.97
1330.00
1783.99
1488.60
1887.49
2120.18
1976.06
1522.81
1396.26
1230.08
1478.58
1513.58
1762.70
1794.20
618.90
1792.70
1958.16
1849.23
1730.43
1339.19
1429.93
1195.51
1241.66
1755.04
751.04
304.60
857.72
554.80
1354.41
1049.26
976.58
640.41
899.48
1649.73
1459.04
621.04
1343.75
1742.44
882.78
1784.02
1846.93
1439.12
1666.32
371.93
1471.03
1368.03
929.26
1265.69
1436.20
1199.68
1964.87
1073.51
1545.87
774.67
2284.04
1257.56
1948.38
1198.23
1427.76
1342.15
1592.95
613.04
1411.98
459.83
1450.88
1678.18
1866.14
501.41
1740.27
746.25
1109.87
1085.39
1176.52
1713.91
1422.05
1534.63
1617.19
890.71
654.28
1188.58
1944.57
1818.68
1128.61
2023.67
1828.09
1636.72
1032.09
1530.17
1447.69
781.40
1582.38
1169.82
1848.87
1294.71
1488.81
1643.93
1610.35
1361.60
1685.14
1767.04
1625.48
1453.17
1233.90
1547.49
1773.97
1087.48
1660.72
1183.80
855.94
1710.33
1571.86
1884.24
1116.52
1131.35
1300.61
1079.86
1829.41
1211.51
1996.52
596.10
1358.30
1492.40
1419.52
1517.78
1767.72
1933.58
1550.24
1249.37
1262.94
1717.86
2075.61
483.77
1960.59
745.16
1005.95
1776.48
984.86
1500.97
604.67
1866.85
1503.60
1982.80
1960.13
1261.19
1632.30
1488.26
1941.12
1643.38
1482.66
996.13
831.95
1591.94
830.36
1665.97
1403.94
1365.00
2247.72
1614.97
1602.15
1573.09
1112.43
1770.35
1741.18
1953.40
635.42
968.76
1062.29
1576.09
1785.93
1704.82
1490.03
1886.17
1653.57
1501.04
1638.73
1759.44
1499.02
1923.15
960.62
1368.69
958.98
1693.58
919.29
1742.01
609.35
1325.17
808.88
1246.91
1275.51
1229.64
506.51
1457.11
1396.22
1662.74
1129.95
762.02
1144.80
1618.30
582.88
722.39
1650.52
1813.51
1347.89
1734.87
1660.88
1722.36
1628.50
1638.79
1687.02
1335.35
1792.78
1590.38
1368.47
735.65
1038.82
1154.46
1498.03
591.73
1547.68
1935.61
1711.47
1376.57
1543.61
905.58
1722.72
2154.52
1461.39
1231.41
1821.83
1195.50
1381.92
1511.31
1585.01
1043.73
1167.90
1838.46
1793.48
1894.28
1481.94
1647.30
1774.74
1584.60
1985.98
1743.74
1647.88
1710.14
1367.83
1757.94
1414.96
1607.58
1324.77
1493.15
1540.40
1508.70
675.83
644.27
1750.25
1651.05
1223.20
1138.13
1122.00
1531.58
1281.74
626.91
784.68
1585.05
1722.29
1543.00
1492.46
1960.77
1904.00
1924.95
1242.05
1525.29
902.35
1371.56
1010.51
1775.70
675.26
1760.80
1140.53
1705.50
994.89
1411.05
1617.84
996.08
1520.62
1759.92
617.90
1401.45
1259.85
1543.91
1535.31
1547.53
768.39
1405.93
1656.48
212.72
772.75
1894.51
1582.74
887.31
1179.72
1843.71
601.71
724.34
1796.19
1698.42
1770.93
1916.18
1825.99
1276.80
1650.85
1286.26
1827.56
1700.10
1577.91
1707.57
1931.55
590.02
1754.75
1388.84
1614.88
1514.13
801.78
1263.24
1537.99
1479.82
741.78
1422.76
1864.90
1467.79
965.04
1481.10
1374.42
1620.82
1864.59
1917.31
604.57
159.17
804.63
1656.60
1811.19
960.60
1597.31
1519.95
1800.10
1732.50
1745.78
560.68
1861.84
1925.42
1567.51
1699.53
1888.51
1455.19
1882.43
1487.28
1240.82
1421.97
879.10
1669.35
1538.67
1771.72
1212.35
1572.31
286.85
1826.36
1426.61
1414.53
504.58
839.82
1865.71
1621.41
1701.80
960.03
1810.79
1433.84
865.58
1881.13
1312.90
928.20
754.76
1226.02
1842.81
1918.29
1372.27
628.20
1200.39
1107.31
929.91
1728.32
1286.53
1289.86
1332.24
1545.60
1579.83
1821.44
844.29
1446.62
1854.91
1629.32
429.15
1847.94
1628.76
2263.26
1749.98
801.49
1147.86
563.47
1661.95
1651.80
828.20
1104.06
1695.73
548.25
1053.88
801.35
1720.09
1549.45
2215.16
927.59
1283.48
1177.85
1485.85
1967.83
678.07
1825.50
1371.22
1444.22
752.85
1642.49
1490.75
1928.16
1864.16
715.19
1621.22
1261.07
1850.73
1415.02
1649.19
1706.87
745.72
1128.03
911.74
976.44
1481.61
1489.07
1702.51
1473.74
1396.73
1524.46
1274.02
1429.38
1459.19
2067.32
1168.11
1836.88
1582.84
1640.33
1519.59
1062.17
1463.04
1916.63
1673.90
805.72
1548.38
1479.90
2020.86
1680.43
1655.66
1761.37
1429.69
1501.19
1706.83
1751.69
1194.18
1548.70
768.90
1731.11
1794.39
439.25
1641.81
1868.38
1831.23
1476.78
1416.12
753.11
1174.73
1795.81
1211.43
1735.77
1229.72
712.50
1506.52
1564.72
1412.62
1780.19
1236.15
427.34
851.59
1771.69
1987.95
1772.28
1634.76
1953.24
1313.74
1541.45
1767.47
1506.17
1419.43
1510.62
1412.64
1704.99
1014.00
1727.65
1498.01
1163.83
1003.03
707.06
1891.59
1274.46
1443.21
867.40
1111.04
1488.38
1563.04
1006.72
1329.63
1700.40
741.42
1926.43
966.59
732.01
1693.32
1026.85
1666.21
1917.14
1157.95
1806.49
1829.00
1941.52
776.69
443.35
963.21
1514.60
1797.64
565.14
1730.48
1776.57
1332.91
1631.43
964.31
744.72
1724.79
784.76
177.42
1310.16
1930.27
1757.26
1625.03
1978.04
1755.27
1956.65
1614.53
1437.69
1241.42
1683.79
901.00
1489.15
1481.25
1802.18
1189.26
1611.18
1233.90
1597.22
1563.42
1424.26
1424.21
1266.85
1801.14
1238.69
1775.58
2146.84
777.54
1810.14
181.81
1857.16
1302.39
1691.36
1748.12
990.02
1851.52
1920.17
1633.71
1651.36
694.41
1537.69
1711.24
1575.60
1428.76
1750.71
1016.89
1969.72
1603.90
1343.04
186.27
1894.58
459.66
307.09
1292.72
900.29
1728.21
1818.55
1498.53
1793.14
1559.37
1465.00
1568.31
1126.70
805.89
1708.85
1206.23
1636.93
1454.83
1495.54
1743.06
1590.18
1637.94
704.77
1064.95
1470.01
1878.40
941.62
634.25
1193.95
1125.92
1332.61
1023.95
1702.44
1531.07
1768.75
777.01
1789.96
776.76
1972.85
1928.67
1446.22
1164.43
1503.44
826.90
1826.11
1296.55
930.43
1639.27
1145.20
904.79
540.08
957.37
563.69
1902.09
1914.60
1672.43
1353.03
1102.35
509.30
1571.41
1727.86
1131.36
443.35
1572.28
1661.27
601.09
1398.88
750.29
1018.30
1244.35
1967.96
894.63
370.20
1290.21
1822.17
1512.62
1853.56
1896.09
1324.39
1638.07
1896.11
1263.37
948.02
1068.04
1635.44
1353.21
1587.50
1022.99
1600.59
2157.59
1683.86
1240.01
1881.34
2011.22
1368.51
1644.91
1476.13
1035.95
1871.48
1365.54
1257.38
1529.72
1728.17
1484.74
527.58
1522.31
777.71
1129.85
240.34
1762.35
1878.00
1724.94
1204.49
1354.09
1755.34
1961.32
1630.06
1273.73
1459.50
563.21
1800.89
1903.86
1090.91
1743.22
1240.07
1724.69
1894.05
1614.38
720.92
936.91
1518.18
1837.01
1595.00
1219.91
742.73
1448.95
1148.62
1800.93
1563.34
1801.65
1571.50
905.17
1759.82
1474.63
1663.94
955.66
1563.26
1105.80
1024.43
1460.14
1620.69
1510.17
1497.75
1932.61
1184.36
806.23
942.17
1722.40
1597.79
1709.01
1375.17
1308.35
1316.20
734.88
1918.93
1182.74
1898.85
1003.55
1604.28
570.14
1419.55
1235.55
1052.40
401.17
1704.11
1745.11
610.95
1152.73
2060.52
1851.23
1200.40
1843.81
1484.89
1555.51
1679.78
1486.38
2100.76
1012.17
706.45
1992.16
1656.31
1538.00
1824.79
2151.41
1508.25
1664.71
1630.62
1420.08
1196.64
1229.34
1230.58
1658.21
1465.56
2004.86
1535.26
1591.87
1638.74
1615.07
1066.63
1828.48
1033.63
1427.68
1432.71
1631.41
1982.49
599.23
1186.23
1415.11
1941.88
1772.07
1153.50
1980.26
1647.46
1657.44
1841.34
913.84
911.55
1838.40
362.38
1849.57
1963.09
1829.55
1773.65
1477.28
1502.89
1517.96
1848.27
290.63
1601.92
1140.24
1199.63
1963.50
1168.51
1164.19
1441.52
1579.29
1674.58
1482.86
1581.83
1395.70
1805.37
905.92
1342.95
1118.13
1228.69
718.23
722.41
872.00
1628.37
607.45
1598.69
826.84
1521.95
1875.51
1935.58
1506.87
1878.98
1522.30
1348.18
1674.41
1919.63
1138.86
551.48
1168.06
1787.97
1644.13
1920.89
1909.24
708.80
487.74
1758.22
1090.32
1777.18
890.60
1840.27
1229.10
1496.53
1227.24
1195.86
1345.76
1612.00
1831.86
1278.79
1957.73
1501.32
1464.12
1674.43
1677.31
1872.83
1702.12
1558.96
1316.46
2082.98
1092.36
787.87
1614.69
1356.09
1643.65
866.38
1311.74
1412.01
1630.59
1634.89
1928.09
1260.88
1475.17
1546.68
537.68
1676.74
1576.28
1829.18
1846.70
565.00
636.68
1674.67
1834.46
1214.20
1877.71
924.03
1187.94
1400.52
751.65
2143.02
1452.49
1109.09
1851.91
1033.21
1454.64
1002.25
834.31
1476.99
1557.81
1791.10
1488.05
1742.63
1591.18
1142.33
1875.43
1637.11
1421.59
1837.43
350.94
1746.77
1425.19
1684.97
626.58
682.57
1855.72
1841.07
1401.39
948.02
1549.27
1962.40
1715.84
1305.69
1665.66
1667.66
1216.69
1695.54
1662.83
1566.87
1089.96
1318.79
1029.36
1787.54
1974.59
1665.73
1938.59
2147.81
1848.46
1564.98
1685.98
685.61
908.06
1480.72
710.64
1505.91
1446.15
1899.03
984.57
1826.10
1697.66
1601.58
1745.53
1542.99
1786.78
411.61
928.96
692.38
1473.88
776.23
1831.09
744.56
2173.74
1662.61
1344.47
1094.61
472.69
923.80
1634.40
1484.24
1657.46
986.72
896.49
1418.84
1313.35
1625.70
947.98
1032.49
1566.66
1513.47
1921.06
832.82
1353.67
528.38
861.22
1775.08
1430.47
1785.30
1550.60
1589.45
1542.03
1826.98
1587.66
1113.06
1900.21
1514.80
1632.89
735.62
1518.56
1749.62
342.30
1849.83
1879.96
1106.16
1522.89
982.61
1760.88
1162.45
1496.03
1511.70
1510.18
627.59
1702.74
1670.75
1639.34
954.04
1176.40
1877.86
692.66
1766.04
1957.40
882.24
1494.99
1927.33
1546.27
794.07
1803.05
1189.36
1245.99
1401.09
1831.15
975.63
1344.10
1992.30
1600.39
1202.28
1645.77
1696.46
1359.18
985.75
1474.13
1229.69
763.77
1294.52
1434.91
415.51
1672.34
515.25
1511.24
1269.68
1758.26
1742.12
1890.70
1496.42
1541.15
433.04
913.31
1480.24
1861.06
1168.77
1658.97
1927.11
866.46
1452.58
1503.26
1206.96
1573.89
478.60
2227.25
1389.89
950.18
762.80
623.14
1831.58
1413.31
1441.96
1888.69
1747.45
1308.89
1651.25
1552.00
1054.72
1910.82
1602.76
1592.12
1656.81
1490.87
1973.21
1520.75
1746.79
1118.93
977.48
1687.76
1820.09
1448.79
1005.36
1995.44
1461.11
1686.43
1541.88
1604.30
1520.24
1170.31
1550.71
1306.19
1944.18
1217.16
1765.05
1689.13
1589.86
2180.02
1358.44
1461.95
1685.49
1611.40
1468.07
847.09
1085.51
1655.69
1416.75
1845.08
1631.25
1316.35
930.15
1151.86
990.96
1830.39
1604.10
1273.15
1842.71
1446.57
1726.12
2012.84
1814.42
1653.40
1651.94
1701.57
1196.37
545.45
1677.71
2029.87
1844.95
1838.78
2234.29
1697.76
1795.28
1369.16
982.68
1265.78
1752.94
1626.62
1540.90
1190.77
1659.94
1739.70
938.21
1801.14
1402.04
2010.56
2076.75
1234.61
942.64
1644.38
1788.98
1822.40
1674.91
1001.89
1938.32
1872.65
1875.33
1503.27
1550.84
1903.19
427.38
696.54
1402.32
820.18
1425.54
1168.19
1735.53
1052.77
1172.32
1241.68
1241.55
1754.66
1666.85
1292.75
1180.64
1708.60
948.67
1563.61
955.57
2001.80
1529.42
1517.30
1304.42
1465.14
1764.16
1301.09
1096.79
489.54
970.93
1577.60
864.86
1512.65
1579.17
1569.23
2006.46
1856.50
1709.75
1635.57
1710.25
1478.47
1862.09
1556.37
1539.53
1833.56
1955.03
1533.21
1732.65
1553.86
1540.58
1796.15
1138.16
1290.24
2024.43
2056.10
1531.85
999.24
1731.97
1981.27
1483.45
1674.33
806.08
1981.38
961.26
1846.52
752.86
1252.68
1582.67
727.61
1532.81
1051.09
1905.69
1729.70
1702.04
1205.29
1115.58
1306.41
1862.63
1814.92
1554.69
1736.39
1364.44
866.62
1612.70
1200.83
1568.01
1253.67
1538.10
1818.68
1970.69
1984.63
1500.80
967.33
1850.74
1210.78
1742.52
1402.50
1701.70
1250.53
994.33
1223.56
1654.63
1464.76
1621.76
1130.44
1707.07
1598.57
1826.04
2000.45
1808.93
407.88
1374.52
1139.41
1400.17
2230.82
843.12
1610.32
1814.65
1143.06
1293.93
1835.95
1730.95
1630.71
1670.02
592.20
839.43
1185.21
1561.92
1539.57
1681.36
1525.69
1694.25
1505.99
1634.13
949.76
1698.73
1816.56
1900.77
1852.67
1833.16
1520.31
899.48
953.05
1654.77
893.17
1553.45
1504.94
1627.68
980.62
1688.79
1893.15
999.13
1461.05
980.11
1085.01
1710.00
1273.49
1718.79
1868.96
1616.61
1037.68
1472.31
919.77
1417.83
1677.24
1129.88
1614.01
1522.38
1030.76
953.19
1428.15
1044.83
1923.75
1299.90
1284.17
1752.25
1476.40
771.36
1206.45
1562.24
907.09
656.39
676.46
428.34
1340.04
1880.54
673.76
1632.66
1670.98
1653.96
1567.59
1735.57
1902.60
860.58
1428.44
2103.81
1531.17
1772.86
1349.83
1353.73
1683.51
1353.12
1389.58
1092.87
1594.64
1730.88
1487.71
1196.09
1630.91
700.58
1031.84
957.78
1661.26
979.40
1454.78
804.02
869.03
1441.90
1024.61
937.49
368.26
1731.39
886.81
850.00
1872.48
692.17
2027.81
1319.37
1606.79
1892.64
1491.11
800.13
1763.68
1838.68
1768.56
680.73
988.52
1008.41
1638.98
636.96
1431.20
1706.43
1490.71
1829.52
1095.13
1146.12
1684.85
1552.66
1944.95
1932.75
1510.32
1705.95
1797.45
719.56
1576.25
1194.56
1717.03
925.81
304.38
834.82
1282.36
1800.58
1858.53
894.26
1520.39
1285.69
812.89
1430.78
1703.30
1524.37
1581.79
1819.07
838.92
1598.74
816.47
1748.66
1105.84
1227.88
1032.34
2004.39
1341.03
1300.26
1870.45
1631.76
1219.41
1887.75
1637.93
1612.94
2014.29
1752.53
1084.00
1489.89
1390.43
1660.59
1263.24
1705.13
1156.51
1569.60
1718.34
1903.28
1851.63
2259.06
2152.09
687.81
1473.37
1930.42
1552.04
769.43
770.59
1106.50
2010.78
1335.22
1446.16
1752.34
889.21
1626.07
1574.47
1837.42
522.34
1051.43
1711.36
1777.88
899.21
1134.12
1974.20
1721.27
1753.79
1751.40
1235.13
530.27
1937.33
1500.20
1236.02
2263.01
1478.19
1537.26
1286.99
1622.23
1742.74
1831.43
1781.36
877.01
1661.38
1301.44
1701.81
1829.79
1524.92
1754.37
1384.03
1788.19
777.08
778.30
1144.93
1446.03
1751.19
1183.94
1857.39
1290.51
1475.68
1484.85
1376.40
536.73
1230.35
1893.55
1842.87
1312.69
866.38
1139.65
1594.06
2089.77
882.05
1760.52
1500.09
2101.41
1480.65
1956.98
672.28
1639.78
1399.72
1039.64
1473.16
1183.96
1076.74
1586.52
1204.85
1261.46
1582.99
1458.82
1693.48
1496.09
1521.20
1399.92
2248.00
1520.62
1492.52
1139.05
1233.09
1910.84
1603.63
1524.40
794.10
1452.54
1825.01
1628.56
1860.31
2066.71
821.29
1525.73
1736.88
1659.54
1052.15
1879.21
677.95
1506.64
1584.89
1548.59
1243.56
792.96
1074.77
1750.40
1050.86
1567.41
933.92
1493.37
1798.36
1270.02
1572.19
1595.80
1650.04
1744.17
404.24
1315.71
1129.85
1772.60
1881.39
491.31
1312.53
1316.23
1741.17
1908.37
1327.52
1846.98
1797.90
1079.81
1621.44
1887.54
1593.00
1492.78
1509.78
1008.60
1808.76
1456.12
1268.40
1420.02
1821.60
1404.45
562.76
1416.77
1884.30
686.65
1489.53
1596.34
1299.66
1478.57
916.28
776.39
1739.16
1646.97
1260.74
1194.79
1915.80
1118.48
1891.16
562.24
1540.69
795.48
1230.71
1373.97
838.65
868.95
1495.44
786.44
1853.38
1350.60
1304.52
1906.44
1333.64
1467.18
1487.62
1317.45
1488.24
1259.99
1443.29
1668.89
855.26
781.12
1054.54
611.67
2046.82
1764.65
1275.37
1262.44
495.78
1187.39
1409.52
1405.67
1312.80
2211.98
1324.33
1385.87
1561.18
1734.37
1786.28
1504.55
1687.68
1411.96
1792.88
1864.99
1451.58
1597.07
1614.16
757.35
1673.28
1275.95
1150.04
1845.14
1901.44
1783.87
1192.73
1629.53
835.02
872.03
1911.39
1281.95
1680.98
443.53
1465.41
1807.20
637.25
1618.73
1661.34
1923.22
195.90
1302.41
2011.04
1965.11
698.58
1293.49
1596.09
1876.78
1696.34
1980.48
1367.29
1531.12
756.26
1510.75
1083.31
751.93
1437.30
180.10
1908.92
659.58
729.16
1572.48
1300.86
2184.07
1269.32
1904.89
1954.72
945.29
1930.17
1641.77
2050.36
750.61
666.86
1640.96
1595.91
1602.84
628.32
1701.94
2193.18
1131.78
1177.98
686.50
1753.01
1835.20
1622.27
2017.54
1663.95
1553.10
664.01
1136.38
1774.82
2040.63
1852.14
1824.63
806.16
1621.15
1431.16
1872.61
1328.17
1371.33
1656.13
1487.03
685.84
1847.79
1332.64
1576.79
1864.00
1359.43
1329.49
1472.79
1942.85
849.21
920.37
1978.51
1760.69
618.36
1558.76
1534.36
1510.38
1913.44
1828.97
1410.99
906.34
1711.69
1477.54
852.12
791.43
1464.09
947.84
1459.55
1344.19
1523.62
1849.94
1668.99
945.60
1699.89
1632.53
1233.22
1362.68
1820.74
1692.80
1617.35
1808.67
1533.39
1948.92
1665.83
1815.48
1928.74
1289.89
1507.68
1557.76
1236.10
1706.85
1715.20
1870.20
1495.67
1740.68
1962.28
581.78
1318.78
680.65
1734.09
1688.12
1570.57
1402.56
778.14
1374.94
1391.65
1468.13
1272.90
1817.75
1916.30
1241.54
1990.90
780.13
1556.05
1037.05
1624.21
1216.86
1175.80
1668.05
1450.48
1118.67
665.67
1455.68
1423.85
1484.30
1811.01
1712.35
1508.30
1751.07
1756.49
1508.19
1541.32
1379.90
1245.61
1515.40
1959.04
982.23
948.86
1891.90
725.61
1813.94
1590.29
1528.53
1436.43
1738.55
1430.68
1885.70
1833.89
1055.65
1786.91
1166.37
816.24
1407.44
927.40
1820.73
1900.97
1545.84
1488.25
1652.74
307.99
1636.08
1193.63
1308.27
1729.49
1027.88
812.80
1701.68
918.39
1306.24
1727.74
808.29
1512.94
649.69
761.80
1603.30
1717.96
1181.51
853.37
1606.17
1008.19
1941.35
1705.55
1574.21
1631.23
1456.61
1469.68
798.43
1727.31
1839.53
759.75
728.53
904.07
1645.01
1826.73
1126.54
1960.15
1295.46
1224.70
1877.38
1315.89
1919.27
795.26
1385.65
1546.65
900.05
1774.73
1323.58
1188.35
1714.51
1308.85
1109.69
1824.61
1963.38
1621.12
1521.25
1210.14
1134.76
1292.84
1641.70
1305.42
1914.97
1641.86
1353.45
1207.83
885.83
1851.16
1505.00
1363.62
1507.86
1869.26
2159.58
716.11
1775.94
1694.56
763.44
302.33
1573.40
1493.74
1333.57
1150.49
850.45
1570.88
1748.75
1493.25
1744.22
1662.18
1434.12
986.08
1638.06
1066.20
1195.52
1555.20
1104.40
1065.05
644.66
1105.49
1815.77
2046.25
1805.24
1823.28
1194.67
1711.56
1660.13
1280.98
1329.11
1933.72
1232.99
1725.62
1635.05
1991.22
1551.61
1402.55
1524.95
1987.37
963.06
828.38
1440.19
1542.40
997.58
1000.39
1217.19
1335.93
1775.82
1415.72
1293.02
1835.67
1556.91
1631.86
305.33
375.67
1982.92
1684.09
1008.93
1798.58
871.03
1221.37
657.07
1617.08
1247.67
2037.77
886.72
1475.67
1417.54
652.48
1877.07
1186.01
686.17
1297.23
1729.06
1577.38
1288.75
1928.57
1441.86
629.50
1810.60
2042.35
1432.80
2169.96
1209.08
2135.26
1281.31
1740.96
1107.18
1462.30
875.02
1189.15
1649.82
1544.83
1339.41
1605.62
735.37
811.77
1497.98
1265.33
1970.60
1887.34
1608.63
688.10
1407.65
1145.87
774.73
1691.83
849.57
1503.01
1497.46
1439.52
1530.89
1692.77
949.23
939.20
1716.06
1360.08
1945.33
1052.42
909.96
1776.34
1127.04
1286.15
1659.01
1547.30
1320.56
217.94
1803.40
1359.59
1910.09
1319.13
1513.70
1339.19
1950.66
1823.27
1673.38
1620.19
1798.94
729.93
1869.04
1490.38
1532.09
1814.77
1783.27
1427.74
1327.81
1835.66
1740.70
1215.06
1770.85
1366.52
899.94
915.81
1478.30
1976.83
1196.55
500.09
1663.57
686.62
1622.58
1390.71
1169.59
1575.90
1519.75
1605.36
959.55
1727.64
1288.92
1130.87
1151.45
1519.43
1528.18
1553.41
963.50
1321.07
896.50
1748.99
1246.91
1627.65
1086.73
2126.43
1797.95
1227.60
1904.29
1238.64
1447.12
1562.35
1266.55
1411.85
1620.44
1281.13
711.54
1623.61
1474.62
964.64
2005.03
1280.48
1855.27
1188.84
1453.78
1188.80
1926.86
1540.55
1862.05
1677.37
1673.21
1124.01
900.76
1638.96
709.85
1421.01
1032.15
1231.56
1201.88
2079.93
1777.44
1529.37
1215.84
969.87
1593.47
2139.77
1772.58
581.42
1284.61
1126.99
1609.09
1486.24
1660.53
1594.63
1528.30
257.47
1529.15
1752.84
1441.19
1680.12
1144.21
1879.69
1826.94
1214.09
560.82
2175.22
1122.98
1766.99
1722.35
1416.85
2003.73
1207.33
1786.27
1756.17
525.08
1322.40
296.94
1769.11
834.82
907.80
1897.49
1981.57
835.48
1463.22
1574.91
1978.85
1843.26
303.22
1598.72
1154.38
1863.56
1289.73
2009.78
1952.59
1996.34
1469.10
1718.60
1211.44
1438.65
687.64
1741.47
1477.07
949.99
1152.36
1669.50
1469.83
1773.38
273.18
1731.78
1674.09
1112.21
1195.29
797.50
1514.44
1163.79
1193.14
1275.21
1110.94
1576.96
1563.87
1169.32
1414.88
1603.67
1437.84
1564.25
1423.61
1803.53
1800.99
1157.38
1297.14
1051.86
1632.69
810.80
687.45
1226.16
804.74
1840.21
1386.59
1041.05
1817.56
1168.54
1889.53
1299.36
1207.97
1333.72
756.60
1306.15
1260.67
1358.96
1845.95
840.07
1322.29
1430.53
1729.04
585.62
1593.51
1424.34
943.18
1960.19
1810.63
1111.30
1374.90
1144.94
1662.04
1674.28
1386.28
1309.31
798.11
2065.15
1154.00
2133.87
1190.15
1010.84
1967.13
1399.43
1481.62
1210.21
1563.20
1505.57
1241.34
1239.40
865.39
1373.73
1351.48
1168.65
1467.89
827.92
1432.57
1102.70
1318.67
1434.88
1716.84
1948.01
839.16
1291.91
1959.74
963.08
1652.95
1162.47
1746.74
1303.44
1208.92
1557.25
1614.07
1780.24
823.44
1223.69
2141.71
1707.54
1810.04
1398.24
1970.91
1795.41
1932.99
1567.52
1563.36
1566.10
1891.55
1447.12
1135.99
1422.97
1482.41
1351.88
667.09
1136.35
1846.00
1295.88
1652.28
1922.49
1466.07
1546.43
811.34
1599.75
1843.56
387.21
1511.02
1389.81
1574.24
1656.63
1195.38
1373.82
703.16
547.28
1318.78
1795.75
2023.45
1768.81
1784.65
1384.45
1715.35
1731.02
1903.60
868.07
1774.44
621.69
972.13
1100.71
1507.28
1041.91
1665.44
1206.83
1605.05
1582.41
1879.72
1452.27
1424.09
1727.29
1344.23
1579.66
1859.40
1631.80
988.06
1259.81
1746.67
1264.23
1383.38
869.50
873.18
1467.40
1795.54
1034.84
765.90
1165.51
1731.84
1425.38
1371.15
961.30
1719.81
1564.19
1597.62
1632.19
1451.98
1204.52
727.21
1403.34
884.13
1001.25
1898.01
1708.62
1294.75
2000.49
1021.44
1274.80
1107.45
924.18
1146.53
1313.63
1564.49
1635.99
812.58
1500.68
1794.86
1418.36
1366.53
1709.45
1615.84
1825.42
1237.64
977.25
1432.29
1722.71
1322.23
1183.59
1597.59
1153.44
518.28
1661.06
1631.23
895.80
1133.32
1226.10
935.06
1644.65
1123.30
1336.18
1181.77
1619.08
1611.54
1724.81
1804.47
1427.25
1433.19
1732.73
1737.55
1649.55
1859.09
1892.67
1536.97
1663.02
1139.89
1560.85
1260.31
1188.82
1730.56
1291.90
1324.97
1749.77
683.19
1752.77
1247.34
1013.59
1111.61
1938.53
1643.21
1531.73
1724.18
1395.16
1631.60
834.73
1402.95
978.96
1487.33
1752.34
1101.76
1454.94
1497.31
966.76
1249.42
885.68
1507.58
1829.40
774.64
1340.92
726.69
1647.12
600.75
1094.64
786.45
1422.18
1556.30
2194.71
2067.97
1353.92
1156.36
750.62
865.78
1911.14
1590.26
1338.91
1404.02
1508.43
1327.44
1938.49
1650.44
1072.61
2089.64
2110.14
1966.26
1618.02
1557.71
839.23
1550.65
1214.19
1530.98
1502.45
996.62
582.22
1967.78
1374.40
826.25
1495.75
1646.07
1214.82
1629.83
1866.36
1046.23
915.77
1373.39
1751.89
738.97
697.97
622.83
1872.07
1689.25
1407.20
1817.23
1301.82
1911.46
1614.26
1414.09
1646.02
1944.14
1600.88
1320.27
1555.17
923.56
699.50
1544.57
1630.58
1648.19
1594.96
911.56
1928.07
1800.23
1784.68
1830.04
1674.41
1754.55
1437.26
2204.04
1774.85
1180.25
820.97
876.24
1745.04
977.51
1638.06
1711.53
1477.51
1197.07
1398.17
1417.59
1596.56
756.76
1344.23
1791.47
771.57
1647.44
1041.27
1585.52
1513.49
1187.32
751.11
1499.14
1451.21
1518.85
1498.97
1275.51
1770.52
1318.04
1476.03
1418.65
1807.84
960.44
1812.70
1716.38
1618.48
608.21
556.70
1815.38
1029.02
816.48
1574.20
1068.60
1739.92
1013.65
1594.93
1819.21
1784.56
1504.18
1894.00
1887.13
1339.13
1420.82
1504.88
1570.04
1173.08
1047.79
1500.37
1454.67
1247.84
1632.54
1598.12
1233.48
1567.60
1679.38
706.24
692.44
1709.60
1481.88
1399.91
1813.94
1621.16
1205.82
1071.70
1623.57
1436.32
1036.56
1828.48
1440.29
1813.43
1492.89
1779.78
1026.56
1464.03
1752.71
1747.87
2186.18
1083.78
660.58
1299.73
1635.22
937.86
762.64
1732.78
1177.43
1785.44
1212.64
1746.06
1805.31
1684.54
996.77
1517.56
1653.10
1177.22
682.79
617.92
1200.57
1806.14
1730.30
781.15
1380.90
1534.20
1707.59
1578.96
1939.80
2011.48
1903.06
1462.70
2002.63
995.13
1154.08
517.74
1730.12
1497.81
1320.20
1519.59
1610.55
2181.42
1784.04
1747.10
1526.75
1456.89
1481.34
1554.36
1947.49
1939.21
1400.39
759.56
1801.50
1477.83
1251.19
1428.22
1449.99
1913.29
1054.62
1032.06
1192.50
461.08
1604.45
1528.02
1527.23
1529.58
1237.55
1194.37
1329.74
1080.46
503.80
1552.34
873.26
1628.96
948.99
1918.29
755.49
1772.96
1822.72
1696.27
1613.22
1937.32
1308.16
1804.64
477.95
1241.28
2094.73
1110.50
1350.59
1479.81
1594.75
412.28
1474.14
1501.27
1360.43
1886.04
1837.89
369.42
1523.93
481.39
1610.72
1453.42
1616.88
1441.47
1725.06
1996.28
525.32
241.37
1381.00
1152.11
1174.71
1446.92
824.35
1757.45
776.08
1820.76
1555.36
768.88
802.38
1205.33
1669.29
1809.05
783.60
1652.12
1531.47
1112.59
633.16
786.92
1529.72
1246.17
1003.85
1464.00
856.85
1596.67
625.61
1238.87
1762.14
1582.20
1975.38
1626.38
1463.93
880.50
1762.18
735.68
1652.93
1159.79
1633.03
1313.39
1328.19
1497.73
1580.40
1571.61
1479.71
1929.12
1765.03
1838.86
824.66
1772.61
1315.47
1523.89
1922.49
1680.77
1735.34
635.97
1196.44
1280.08
1949.25
1432.43
1878.05
1674.11
714.94
1532.64
1694.32
1888.45
1135.15
1036.61
787.02
1516.81
2114.57
1049.95
1827.08
1612.53
1239.69
733.23
1737.22
843.44
1499.29
599.19
1109.25
1151.24
1231.72
1806.22
1957.45
926.23
1716.70
889.12
684.62
1198.88
1227.92
733.67
1504.04
1801.06
1124.82
1503.23
1125.96
1313.15
1563.34
1499.97
1143.76
1222.49
1375.57
410.98
690.30
1580.27
1224.98
1155.95
1038.85
1356.79
1103.84
871.30
1831.46
753.04
938.49
1512.02
1629.96
1614.64
1066.88
1536.09
1655.05
1716.25
1445.28
1863.38
1473.52
1653.45
1759.11
1021.79
1781.24
1520.82
1880.09
1427.18
1283.16
1735.85
1463.55
1768.65
1960.67
1835.72
1836.85
1636.34
976.89
1561.46
1304.21
1260.65
1429.56
1124.78
1683.75
1917.12
1835.30
2003.55
1369.42
906.52
1425.22
1671.94
1627.03
1791.60
672.57
1549.47
533.58
1361.39
1972.52
1570.54
1604.87
1056.65
924.15
1703.88
1344.54
1185.85
1478.12
1336.20
1978.74
1632.88
605.97
1208.99
1733.52
1305.64
1301.06
1489.61
1614.07
1005.12
715.28
466.36
1826.44
930.19
1684.47
1836.60
1571.34
1544.52
1931.39
850.07
1312.48
1497.06
1358.48
1291.67
799.26
1877.72
1596.36
1452.37
517.41
1164.92
1552.50
1550.26
983.39
1859.99
866.59
796.76
1454.84
1257.05
1778.47
1425.63
1202.73
1961.90
2122.48
1823.42
1400.77
1108.76
691.60
1736.89
1583.51
1701.79
341.29
1732.18
1779.42
1644.64
1567.19
1756.86
926.46
678.29
1703.31
1658.43
1670.91
1452.34
1249.05
1421.30
1100.44
862.29
1893.76
989.08
1372.22
1475.82
1073.98
1171.16
1562.24
1948.53
1558.24
520.96
1472.88
1092.47
1631.19
1527.78
1271.41
1763.54
1513.34
1618.18
1892.64
1692.19
1207.59
1470.60
2149.66
1202.62
1594.56
1488.96
1169.05
1039.52
1442.78
1012.10
1562.48
720.18
1407.62
1012.31
1259.50
1530.75
712.66
1379.38
1975.13
843.07
2065.66
1121.74
1184.00
951.85
1615.77
1800.88
1394.09
1511.52
1349.59
1055.61
710.16
1823.67
1240.88
1870.21
1717.06
1710.06
1023.31
1463.41
1490.11
1892.83
1202.26
1329.53
1655.63
778.15
1887.20
1961.54
1906.67
1741.81
1789.11
1136.90
1695.81
295.48
1408.01
1173.05
1400.81
841.84
2137.77
1351.45
1422.18
915.51
1986.99
955.61
156.08
866.30
1218.44
1905.53
1994.97
1740.02
1642.59
1860.49
1234.31
1592.14
1033.69
1153.17
1529.26
1024.39
901.74
1778.30
1246.00
696.58
1385.09
1746.96
1343.23
1630.60
1835.88
1284.29
1960.13
1653.03
1493.73
1708.36
1442.86
1341.40
826.02
1166.81
563.75
1607.74
1646.87
1687.62
1503.33
1362.93
1296.65
1325.98
567.43
1742.78
1693.09
1492.76
1765.42
1579.51
1396.24
2111.63
832.87
1256.84
800.76
1685.50
1411.93
967.42
1218.53
1824.54
1790.26
1635.20
1492.65
907.83
2031.60
878.29
1459.81
1472.63
1244.98
1492.10
1318.15
1407.79
1193.16
910.04
2001.83
1588.69
703.84
1778.35
1360.11
1681.25
578.46
1811.21
1595.89
507.77
1134.48
1091.50
282.23
1427.48
1284.81
1401.54
1685.48
1481.74
1266.63
1717.90
2204.63
620.47
1583.57
783.80
1658.14
1409.80
1175.22
1150.88
1721.86
1912.49
1503.24
1472.04
1658.31
1148.87
1753.52
1409.32
1321.36
1206.52
1724.59
499.81
1016.33
1008.49
915.97
1773.15
801.28
1142.70
1841.24
1499.52
1229.42
341.16
1294.02
1153.63
739.17
1127.40
893.39
1642.09
1675.75
1785.47
1378.08
1730.13
894.96
1572.41
1837.56
1619.62
1593.25
2290.10
1226.48
1133.00
1388.12
1312.79
1969.85
1805.64
1498.81
1023.78
1773.84
746.62
1447.65
827.12
1896.81
1461.54
1202.14
1571.14
1674.81
2034.58
1574.03
167.39
1562.51
1720.02
1211.81
1095.73
1435.72
1546.27
1452.90
888.32
1826.73
1590.20
1607.83
2048.38
1933.33
1599.91
1329.88
1602.17
1655.98
1392.57
457.00
1563.28
1829.17
1267.48
1180.99
1693.05
679.25
567.27
619.48
1778.27
1307.96
